##BLOCKS= 2          
Plate:	Plate#1	1.3	PlateFormat	Endpoint	Absorbance	Raw	FALSE	1						2	562 660	1	12	96	1	8	None	
	Temperature(¡C)	1	2	3	4	5	6	7	8	9	10	11	12		1	2	3	4	5	6	7	8	9	10	11	12		
	35.10	1.1225	1.1771	1.1667	1.1033	0.6595	0.0771	0.9755	1.0411	0.9552	0.8864	0.5463	0.0758		0.0993	0.1004	0.0993	0.0964	0.0717	0.0452	0.0932	0.0892	0.089	0.0848	0.0633	0.0401		
		1.1936	1.1402	1.178	1.1436	0.741	0.0689	1.0951	1.1307	1.0859	0.962	0.5677	0.0743		0.0997	0.0978	0.0972	0.0954	0.076	0.0445	0.096	0.0945	0.0948	0.0862	0.0678	0.0438		
		1.1668	1.1986	1.228	1.1388	0.7212	0.0704	1.0805	1.1285	1.0608	0.9874	0.5508	0.0711		0.0961	0.1002	0.1003	0.0982	0.0758	0.0455	0.0924	0.0968	0.0951	0.0891	0.0682	0.044		
		1.1336	1.1919	1.2583	1.1525	0.6769	0.074	1.0649	1.0968	1.0381	0.9779	0.6084	0.079		0.0944	0.1012	0.1012	0.0985	0.0756	0.0479	0.0944	0.1066	0.093	0.0927	0.0764	0.0531		
		1.1218	1.2509	1.2546	1.1313	0.6588	0.074	1.1196	1.0773	1.099	1.0187	0.6102	0.074		0.096	0.1058	0.1059	0.096	0.0742	0.0483	0.0966	0.0949	0.0987	0.0918	0.0692	0.0445		
		1.2054	1.1978	1.2902	1.0067	0.7228	0.0771	1.1355	1.1862	1.1095	0.9952	0.5948	0.0777		0.104	0.1045	0.1101	0.0941	0.0798	0.0516	0.1017	0.1046	0.0991	0.0935	0.0748	0.0521		
		1.2041	1.2243	1.1767	1.0663	0.7002	0.0792	1.1213	1.1888	1.0733	0.9856	0.6251	0.0731		0.104	0.1056	0.1074	0.0974	0.0797	0.0533	0.1059	0.1054	0.0971	0.093	0.0772	0.053		
		1.1271	1.1068	1.1588	1.0365	0.6711	0.0803	1.0346	1.0796	1.0192	0.9053	0.558	0.0746		0.1013	0.1023	0.1057	0.0973	0.0809	0.056	0.1078	0.1028	0.0982	0.0941	0.0758	0.0555		
		
~End
Original Filename: Untitled   Date Last Saved: Unsaved
Copyright © 2003 Molecular Devices. All rights reserved.
